0000000000000000
0000000000000001
0000000000000001
0000000000000001
0000000000000001
0000000000000001
0000000000000001
0000000000000101
0001000010000000
0001000010000000
0001000010000000
0001000010000000
1111111111111101
1111111111111101
1111111111111101
1111111111111101
1111111111111101
1111111111111010
1111111111111010
1111111111111010
1111111111111010
1111111111110100
1111111111110100
1111111111110100
1111111111110100
1111111111101000
1111111111101000
1111111111101000
1111111111101000
1111111111101000
0000000000000001
0000000000000001
0000000000000001
0000000000000001
0000000000000001
